207,182,445,322,0
49,266,512,382,0
19,113,489,317,0
165,24,453,384,0
71,108,423,244,0
189,1,427,384,0
1,38,472,192,0
159,99,398,384,0
171,1,309,352,0
187,1,443,383,0
128,98,363,298,0
120,3,512,351,0
59,86,446,292,0
105,61,379,384,0
117,43,405,313,0
76,179,440,384,0
45,128,450,260,0
145,76,487,384,0
201,113,306,221,0
4,98,382,313,0
85,4,511,329,0
1,42,512,216,0
74,1,355,384,0
54,72,330,237,0
253,103,510,384,0
1,52,512,273,0
1,1,326,375,0
53,1,437,259,0
1,79,458,287,0
18,144,512,292,0
146,1,511,383,0
215,123,325,229,0
32,64,512,255,0
177,3,512,382,0
72,82,315,296,0
140,88,512,285,0
132,1,420,310,0
175,114,318,260,0
175,49,508,384,0
153,168,511,384,0
96,68,401,259,0
192,77,363,382,0
1,124,383,304,0
53,56,366,384,0
4,5,510,380,0
172,129,333,244,0
114,104,326,259,0
1,1,317,366,0
60,1,468,384,0
1,102,512,343,0
137,48,353,342,0
2,119,512,348,0
177,1,373,384,0
106,66,313,218,0
28,91,424,384,0
1,75,512,203,0
106,118,308,274,0
39,37,375,327,0
1,100,512,353,0
52,112,482,257,0
124,33,379,292,0
203,1,472,384,0
99,125,510,335,0
5,7,511,382,0
2,2,403,383,0
168,101,450,383,0
171,73,358,384,0
97,53,290,199,0
136,74,396,314,0
79,134,379,235,0
113,92,455,384,0
1,17,306,329,0
191,38,511,384,0
1,1,407,221,0
53,155,404,261,0
19,65,336,359,0
172,59,435,300,0
145,35,410,331,0
2,59,496,290,0
149,120,315,286,0
102,100,414,271,0
183,124,477,256,0
163,127,358,324,0
1,1,422,384,0
162,140,311,286,0
1,1,512,292,0
1,92,465,325,0
123,130,288,219,0
2,110,427,384,0
24,163,511,331,0
49,130,282,272,0
14,188,467,303,0
160,99,285,228,0
140,119,281,257,0
149,1,512,295,0
46,43,462,311,0
82,42,427,384,0
82,113,297,243,0
128,78,276,285,0
255,1,512,258,0
36,103,508,384,0
1,107,402,383,0
122,133,283,243,0
1,1,512,347,0
145,85,320,250,0
77,110,315,235,0
65,36,417,377,0
139,20,345,321,0
221,123,399,384,0
116,21,399,361,0
6,1,487,383,0
70,98,280,276,0
132,7,448,384,0
52,1,507,363,0
80,123,498,383,0
107,48,395,307,0
119,116,390,273,0
56,119,290,278,0
89,28,268,354,0
76,72,414,330,0
80,113,380,261,0
30,73,430,275,0
53,92,298,225,0
8,4,436,384,0
105,86,366,279,0
48,90,326,238,0
143,162,346,272,0
217,176,307,267,0
190,69,328,330,0
131,71,366,306,0
66,142,366,254,0
78,103,311,261,0
76,86,414,264,0
52,1,437,384,0
196,134,406,384,0
85,156,273,236,0
210,58,329,319,0
142,142,407,269,0
151,149,349,273,0
47,158,300,236,0
108,120,419,253,0
156,157,465,384,0
95,141,332,290,0
212,109,332,241,0
85,136,444,295,0
71,11,509,384,0
100,133,350,247,0
100,12,250,384,0
91,86,437,343,0
168,7,443,204,0
2,179,231,284,0
156,146,338,384,0
102,97,342,265,0
68,144,299,232,0
144,4,301,231,0
220,164,511,269,0
198,148,305,245,0
268,136,511,384,0
122,187,283,384,0
264,112,512,240,0
241,1,445,383,0
7,125,401,279,0
77,66,403,326,0
33,172,292,300,0
4,129,367,335,0
57,123,458,294,0
61,167,411,340,0
125,123,471,381,0
71,137,405,274,0
64,70,338,290,0
190,181,320,384,0
208,143,367,384,0
37,286,482,384,0
38,26,433,162,0
2,265,350,384,0
227,56,354,266,0
1,171,366,360,0
56,178,372,316,0
39,65,439,309,0
125,115,511,380,0
99,124,455,384,0
235,187,383,384,0
1,171,291,341,0
119,67,486,384,0
196,73,438,384,0
5,195,302,376,0
12,60,491,212,0
2,3,418,352,0
4,63,486,266,0
143,42,427,382,0
161,1,338,351,0
159,11,359,384,0
7,116,446,244,0
142,28,396,384,0
1,83,372,317,0
251,1,469,375,0
195,178,354,384,0
91,119,512,296,0
64,1,201,268,0
223,130,326,193,0
17,330,112,384,0
1,7,512,269,0
126,1,405,325,0
1,1,332,384,0
202,151,331,270,0
109,42,391,313,0
159,100,464,384,0
154,131,502,384,0
164,192,429,382,0
170,70,383,379,0
7,119,385,383,0
144,73,337,264,0
171,79,382,351,0
190,1,446,384,0
2,1,331,384,0
240,7,479,384,0
219,56,446,382,0
104,95,508,384,0
51,53,311,306,0
95,96,374,319,0
57,92,426,384,0
79,61,349,330,0
134,2,411,178,0
75,51,511,208,0
133,117,299,250,0
225,82,354,384,0
215,34,409,383,0
2,54,497,255,0
73,5,394,314,0
41,111,510,290,0
191,115,363,248,0
47,120,438,239,0
54,24,479,247,0
1,25,349,305,0
42,16,421,379,0
121,6,507,380,0
30,51,358,362,0
5,132,461,379,0
28,124,508,324,0
3,3,377,383,0
2,28,376,384,0
1,40,286,308,0
73,105,440,384,0
41,4,505,382,0
20,144,475,270,0
113,3,511,382,0
1,119,509,338,0
151,105,511,380,0
31,126,428,273,0
131,4,340,381,0
56,137,413,382,0
1,105,281,381,0
74,57,511,378,0
115,97,309,246,0
64,4,511,323,0
1,90,494,304,0
185,5,413,384,0
204,60,418,384,0
104,17,510,384,0
150,92,363,383,0
131,60,391,307,0
34,26,460,304,0
195,4,409,355,0
2,1,512,382,0
168,100,481,383,0
69,48,422,284,0
91,8,352,277,0
95,122,356,254,0
196,129,304,223,0
20,55,433,317,0
113,7,511,384,0
109,1,511,330,0
114,1,461,384,0
179,67,461,384,0
182,138,325,258,0
204,16,430,382,0
151,1,511,383,0
16,169,293,384,0
30,79,474,264,0
117,181,442,384,0
13,1,447,362,0
192,78,511,382,0
3,3,511,245,0
97,58,375,359,0
146,130,360,384,0
29,125,446,267,0
107,3,511,272,0
69,13,426,334,0
1,1,512,383,0
211,79,511,372,0
2,3,512,298,0
163,110,492,384,0
64,78,511,292,0
100,51,423,384,0
116,55,336,327,0
33,160,510,316,0
11,4,510,384,0
149,5,346,275,0
231,80,476,382,0
92,135,509,306,0
227,54,416,384,0
36,137,507,384,0
29,122,483,251,0
45,105,511,265,0
91,63,442,384,0
42,109,445,257,0
177,1,355,344,0
8,55,511,307,0
129,104,511,313,0
65,119,511,375,0
50,1,435,384,0
169,158,486,384,0
1,3,399,368,0
63,129,448,384,0
158,120,311,256,0
1,22,512,307,0
212,112,462,384,0
96,17,467,375,0
9,87,486,290,0
141,3,445,384,0
190,130,506,384,0
42,71,417,338,0
181,2,452,384,0
124,37,458,384,0
63,83,473,315,0
12,136,500,379,0
54,24,497,368,0
111,29,424,316,0
196,69,500,383,0
1,1,328,323,0
90,150,511,332,0
184,16,512,322,0
1,47,475,328,0
118,74,384,326,0
4,88,465,296,0
120,109,370,277,0
12,1,510,384,0
221,1,511,380,0
3,4,510,381,0
137,36,494,382,0
98,176,507,384,0
224,92,372,240,0
197,2,395,384,0
62,73,503,310,0
51,13,512,265,0
1,83,512,313,0
104,61,459,309,0
163,76,399,347,0
47,154,511,382,0
2,1,468,382,0
34,37,466,338,0
28,124,462,295,0
38,21,361,302,0
81,133,425,226,0
63,133,475,382,0
124,30,512,364,0
163,85,293,381,0
74,66,336,324,0
2,6,466,375,0
1,62,512,383,0
168,34,511,245,0
121,98,317,236,0
18,26,512,345,0
134,1,272,285,0
120,50,415,326,0
114,149,511,370,0
68,61,348,304,0
80,70,364,346,0
167,108,511,348,0
19,28,446,384,0
175,80,394,381,0
5,54,509,267,0
89,96,479,384,0
152,59,511,381,0
62,71,511,320,0
13,1,491,384,0
154,1,388,384,0
132,111,511,261,0
71,134,415,273,0
1,1,366,312,0
22,90,463,240,0
184,4,494,277,0
106,136,423,384,0
17,22,512,375,0
122,135,509,384,0
193,113,301,212,0
1,87,511,283,0
25,103,488,235,0
193,51,452,296,0
1,78,284,326,0
232,89,438,262,0
141,101,511,367,0
2,104,503,384,0
2,34,511,354,0
215,74,459,382,0
167,113,365,308,0
114,58,352,287,0
3,1,377,384,0
39,109,512,304,0
154,107,508,384,0
164,33,417,373,0
143,1,442,200,0
68,104,427,277,0
27,135,401,235,0
1,1,378,326,0
1,21,326,336,0
221,80,511,381,0
2,33,512,291,0
100,138,511,351,0
153,155,367,384,0
156,86,509,384,0
28,3,401,312,0
225,3,450,313,0
113,129,377,300,0
11,160,509,384,0
152,3,331,384,0
224,2,399,332,0
188,133,418,384,0
74,166,283,329,0
36,64,266,297,0
182,63,311,384,0
82,122,392,276,0
76,87,511,384,0
114,1,508,384,0
134,146,310,304,0
1,1,509,384,0
1,6,509,384,0
212,1,504,321,0
141,157,493,384,0
155,157,443,384,0
118,11,392,379,0
7,115,511,380,0
1,120,511,374,0
119,46,371,278,0
1,49,431,384,0
129,1,480,348,0
170,1,426,384,0
127,168,511,298,0
3,1,378,384,0
78,16,346,351,0
192,119,398,260,0
174,99,349,245,0
87,60,459,267,0
1,1,352,301,0
135,7,445,384,0
128,4,339,266,0
146,134,277,269,0
1,1,380,309,0
1,158,389,264,0
41,76,508,382,0
183,133,405,384,0
8,70,354,336,0
225,158,451,384,0
177,1,493,383,0
1,6,391,309,0
197,8,464,384,0
197,58,511,383,0
183,1,388,384,0
166,122,508,384,0
193,61,322,285,0
178,4,511,245,0
135,25,511,382,0
3,1,511,380,0
188,49,395,384,0
137,115,383,382,0
72,34,509,384,0
2,76,408,275,0
43,97,511,379,0
88,1,471,380,0
31,126,328,258,0
154,52,447,384,0
3,116,492,384,0
174,10,394,350,0
127,62,512,382,0
159,91,512,329,0
186,139,281,224,0
36,93,413,307,0
178,62,410,283,0
65,1,511,327,0
5,69,512,218,0
213,5,426,341,0
142,173,357,384,0
1,3,432,333,0
41,102,447,293,0
192,3,401,336,0
19,63,511,209,0
139,97,465,321,0
3,2,512,382,0
113,98,503,384,0
150,123,449,311,0
62,83,432,212,0
90,50,428,352,0
80,74,395,346,0
135,2,358,384,0
217,109,511,384,0
105,57,384,325,0
1,55,510,212,0
235,186,398,384,0
49,139,398,263,0
170,63,348,384,0
257,2,504,384,0
103,2,421,384,0
141,56,512,382,0
3,2,312,281,1
242,6,501,377,1
90,18,431,343,1
168,112,487,352,1
161,75,357,327,1
114,102,376,300,1
188,1,453,259,1
68,82,509,382,1
121,111,454,384,1
94,54,352,316,1
4,48,509,382,1
242,2,510,316,1
23,2,507,370,1
25,111,378,362,1
73,1,512,376,1
109,53,509,384,1
185,66,512,383,1
4,51,504,382,1
8,3,512,236,1
143,107,366,329,1
100,19,437,357,1
37,4,485,361,1
144,54,382,291,1
7,118,512,380,1
6,27,512,379,1
88,114,503,384,1
125,93,365,320,1
137,1,512,323,1
137,115,351,272,1
81,108,465,265,1
2,1,455,383,1
119,1,455,325,1
152,2,346,382,1
114,80,331,384,1
250,45,512,384,1
151,75,443,384,1
168,109,363,305,1
28,34,512,332,1
187,43,478,334,1
90,77,512,381,1
106,105,512,384,1
172,175,438,384,1
75,116,512,329,1
134,74,406,345,1
226,1,512,384,1
150,22,512,381,1
117,8,419,312,1
185,2,512,384,1
117,2,501,384,1
68,96,478,382,1
2,75,501,384,1
139,55,432,311,1
112,98,400,384,1
105,42,465,331,1
175,146,276,243,1
157,116,299,277,1
72,140,410,337,1
76,140,453,264,1
3,1,491,377,1
173,152,286,241,1
54,86,512,368,1
125,104,333,284,1
189,132,284,228,1
192,75,299,270,1
29,1,463,275,1
182,57,446,321,1
174,131,341,251,1
35,52,510,384,1
177,111,314,266,1
161,1,473,366,1
1,1,512,384,1
53,11,435,294,1
128,73,415,289,1
140,148,311,226,1
209,152,274,233,1
150,90,358,301,1
1,4,420,384,1
103,36,403,353,1
88,19,353,293,1
62,19,365,341,1
33,1,321,384,1
30,27,410,384,1
96,11,407,375,1
109,1,512,311,1
117,5,416,365,1
1,1,508,384,1
10,1,446,384,1
122,143,266,233,1
213,117,374,302,1
115,146,355,271,1
1,1,510,381,1
117,57,368,308,1
151,123,327,322,1
102,206,220,384,1
168,42,464,343,1
69,81,476,344,1
169,109,511,384,1
1,1,311,263,1
33,41,400,269,1
2,55,459,355,1
91,20,379,312,1
33,1,378,356,1
65,25,354,307,1
22,1,437,384,1
59,2,388,376,1
1,1,313,336,1
160,87,365,301,1
1,1,512,384,1
81,52,437,327,1
81,44,329,351,1
33,91,377,261,1
141,71,325,296,1
1,1,445,384,1
72,24,353,362,1
68,82,379,297,1
93,117,404,351,1
189,86,329,259,1
179,105,382,259,1
112,95,304,336,1
181,94,336,275,1
154,104,332,262,1
179,107,316,280,1
207,109,409,287,1
178,89,438,384,1
145,123,383,293,1
179,75,341,281,1
99,71,258,271,1
132,119,319,270,1
207,116,311,256,1
159,130,312,287,1
148,94,355,307,1
1,1,354,259,1
146,156,426,384,1
118,25,349,330,1
172,77,421,317,1
108,59,427,384,1
31,2,511,384,1
121,23,512,381,1
196,41,511,384,1
79,89,512,350,1
70,54,381,362,1
89,1,437,349,1
90,87,419,384,1
165,104,333,282,1
72,1,512,384,1
116,88,491,384,1
15,127,448,384,1
1,1,355,278,1
1,1,512,384,1
98,92,510,299,1
269,1,512,371,1
23,107,383,384,1
47,29,512,384,1
39,61,512,375,1
205,82,471,384,1
94,29,409,366,1
104,82,364,344,1
178,1,412,248,1
65,40,381,350,1
117,72,475,225,1
182,173,423,384,1
143,22,443,332,1
238,79,477,316,1
115,20,448,341,1
192,107,506,384,1
220,151,510,384,1
48,93,442,384,1
108,59,387,376,1
266,58,477,358,1
4,1,511,371,1
97,23,463,384,1
118,1,440,336,1
1,1,512,384,1
204,158,488,384,1
175,179,506,384,1
1,49,512,384,1
37,1,512,370,1
1,112,512,384,1
114,34,453,379,1
136,91,511,384,1
43,47,512,360,1
2,55,512,384,1
80,91,512,382,1
35,58,503,384,1
97,139,512,384,1
106,16,402,342,1
1,1,349,295,1
153,103,327,294,1
1,1,335,323,1
133,43,434,338,1
57,4,512,382,1
1,32,446,384,1
203,130,335,260,1
162,1,463,384,1
128,83,512,384,1
176,178,433,384,1
1,1,361,293,1
94,1,424,384,1
1,1,413,290,1
211,121,399,314,1
141,73,430,355,1
129,101,388,275,1
21,10,488,384,1
101,37,507,384,1
1,1,414,284,1
171,97,331,252,1
147,90,365,318,1
124,51,512,320,1
16,171,394,384,1
137,33,488,384,1
88,11,512,384,1
118,77,361,322,1
119,116,357,293,1
152,111,369,271,1
140,108,512,370,1
25,81,512,292,1
127,53,393,317,1
106,49,378,323,1
92,34,512,381,1
144,200,478,384,1
191,59,450,358,1
157,27,512,383,1
130,169,287,311,1
167,1,348,372,1
99,75,509,384,1
74,2,408,333,1
89,30,387,336,1
170,76,408,296,1
117,122,406,384,1
5,68,423,384,1
193,104,512,382,1
87,1,466,302,1
1,1,373,275,1
93,41,383,325,1
101,1,512,382,1
126,50,512,352,1
121,108,512,384,1
17,1,512,384,1
90,100,415,384,1
1,1,249,293,1
89,102,401,272,1
162,208,512,384,1
1,1,298,384,1
150,87,355,292,1
33,1,512,384,1
124,46,355,258,1
155,20,512,384,1
139,1,379,269,1
26,1,512,384,1
50,159,430,384,1
1,132,476,384,1
133,1,512,332,1
148,13,348,324,1
28,145,419,384,1
66,41,333,301,1
22,1,512,384,1
64,1,372,262,1
166,1,512,384,1
237,155,512,384,1
130,1,451,216,1
195,27,415,384,1
250,99,459,384,1
20,36,473,296,1
96,51,437,379,1
200,216,512,384,1
107,89,322,298,1
83,64,380,338,1
98,96,392,384,1
160,50,422,325,1
107,52,361,315,1
66,60,462,384,1
154,71,365,280,1
111,104,418,280,1
113,102,401,275,1
68,1,512,384,1
129,56,412,339,1
245,48,512,384,1
65,1,512,312,1
107,2,482,366,1
245,58,508,384,1
179,100,512,368,1
64,16,449,348,1
189,143,431,324,1
18,18,348,344,1
223,65,512,382,1
128,86,402,275,1
68,1,512,207,1
104,19,512,321,1
126,5,426,384,1
1,1,393,352,1
121,32,366,272,1
26,1,478,384,1
65,1,408,270,1
109,1,512,327,1
118,1,487,384,1
1,1,512,289,1
180,2,512,336,1
105,113,489,314,1
140,98,357,384,1
127,75,312,269,1
195,87,512,384,1
159,178,512,384,1
207,126,428,335,1
1,112,361,384,1
150,86,394,332,1
1,1,512,384,1
177,1,485,240,1
214,61,511,384,1
85,28,458,384,1
178,78,361,264,1
115,207,394,384,1
41,60,344,296,1
1,1,398,384,1
57,1,309,295,1
153,1,418,313,1
1,43,512,384,1
78,45,512,384,1
178,67,412,303,1
112,132,512,384,1
75,7,512,384,1
1,1,480,353,1
115,18,465,369,1
152,68,339,259,1
173,1,512,384,1
1,1,512,384,1
1,1,512,384,1
144,47,410,318,1
21,44,512,384,1
179,1,365,236,1
67,143,512,384,1
223,62,421,261,1
103,104,382,383,1
153,70,451,347,1
250,121,383,269,1
190,56,491,384,1
219,105,512,384,1
208,14,512,384,1
1,155,486,380,1
99,146,405,384,1
1,48,512,384,1
239,40,512,384,1
56,1,512,360,1
103,95,512,384,1
169,77,512,307,1
155,39,353,239,1
146,140,384,384,1
109,180,512,383,1
1,104,432,384,1
76,108,512,383,1
89,1,510,384,1
1,76,295,332,1
1,1,512,383,1
211,109,512,383,1
196,129,305,240,1
140,1,508,339,1
36,20,462,384,1
7,30,512,382,1
182,86,394,303,1
43,1,479,384,1
98,1,379,266,1
29,1,484,384,1
1,119,512,384,1
153,132,428,384,1
115,98,346,311,1
165,107,485,384,1
225,156,512,384,1
194,141,286,222,1
54,85,365,347,1
28,14,512,382,1
77,109,415,309,1
161,86,512,384,1
1,34,374,354,1
126,17,480,372,1
148,119,393,384,1
159,129,390,384,1
94,106,441,384,1
123,119,351,266,1
156,73,318,290,1
64,116,435,313,1
151,29,512,384,1
155,2,512,377,1
227,153,512,384,1
2,133,425,384,1
21,86,512,384,1
37,46,512,384,1
1,1,466,384,1
150,98,394,384,1
14,120,486,384,1
145,109,257,264,1
66,12,456,355,1
68,155,512,384,1
105,75,319,298,1
31,37,512,384,1
120,1,512,384,1
55,191,483,384,1
138,58,442,384,1
163,1,512,384,1
1,36,505,384,1
30,12,512,384,1
150,114,301,273,1
165,102,411,314,1
201,111,316,225,1
170,83,340,254,1
120,87,512,384,1
1,86,511,384,1
129,1,412,248,1
133,180,405,384,1
33,1,373,333,1
98,1,362,289,1
133,52,463,384,1
74,30,430,331,2
60,3,487,384,2
64,2,206,383,2
214,5,511,382,2
1,2,425,380,2
41,1,419,382,2
1,1,512,383,2
39,1,457,384,2
1,1,505,276,2
56,77,468,343,2
1,1,406,384,2
5,1,429,380,2
2,2,440,384,2
87,8,373,358,2
55,3,481,262,2
45,56,474,352,2
10,3,398,383,2
2,146,507,384,2
2,5,511,383,2
16,3,495,384,2
72,31,413,305,2
173,104,305,300,2
149,2,315,319,2
61,89,494,279,2
15,36,486,350,2
65,145,341,279,2
47,3,510,384,2
102,49,352,349,2
5,32,438,348,2
113,3,511,368,2
1,5,333,384,2
70,74,370,349,2
3,38,511,384,2
39,83,396,297,2
30,13,458,384,2
62,166,509,384,2
55,61,421,331,2
6,22,446,384,2
91,1,335,322,2
17,4,511,383,2
42,40,502,374,2
3,3,511,384,2
4,3,475,384,2
4,1,511,328,2
61,91,446,345,2
3,26,423,384,2
2,3,505,384,2
2,5,465,379,2
73,31,408,384,2
29,28,466,384,2
40,94,463,326,2
67,3,394,381,2
132,101,369,349,2
89,118,408,303,2
5,5,467,384,2
18,3,475,384,2
6,8,477,384,2
6,57,420,384,2
51,114,407,260,2
83,78,387,293,2
4,1,454,384,2
2,3,503,384,2
108,41,383,305,2
5,3,409,352,2
3,102,446,384,2
93,23,455,361,2
182,49,333,328,2
34,57,396,345,2
12,9,453,384,2
105,55,393,384,2
63,10,474,384,2
60,74,510,383,2
2,2,478,384,2
155,2,399,326,2
17,6,422,384,2
17,3,509,316,2
62,7,452,384,2
79,45,411,353,2
90,7,455,375,2
2,2,394,374,2
99,55,383,313,2
110,4,450,365,2
1,2,419,275,2
114,38,409,337,2
1,3,512,383,2
4,4,453,337,2
46,83,451,324,2
48,7,416,373,2
14,6,419,384,2
29,90,499,384,2
1,66,385,361,2
9,4,348,379,2
107,13,511,323,2
5,2,507,384,2
2,43,503,335,2
9,25,508,384,2
57,3,511,378,2
24,3,490,384,2
14,60,511,383,2
1,2,475,377,2
7,2,512,376,2
81,98,395,321,2
11,4,512,324,2
31,2,463,375,2
15,6,462,317,2
67,10,511,376,2
1,3,442,384,2
22,6,511,309,2
2,3,466,367,2
134,116,511,360,2
35,1,470,379,2
3,93,512,382,2
3,41,438,384,2
6,23,308,384,2
340,132,509,384,2
50,130,393,234,2
107,82,147,297,2
375,108,410,323,2
153,82,375,111,2
111,299,411,354,2
130,121,352,263,2
97,25,357,334,2
26,83,481,384,2
26,15,399,359,2
9,83,512,382,2
34,2,459,384,2
3,2,512,383,2
86,133,479,384,2
9,3,422,286,2
3,111,407,384,2
86,97,475,315,2
120,25,335,346,2
3,2,508,384,2
23,10,463,384,2
117,99,420,308,2
1,1,448,384,2
62,22,334,384,2
30,81,489,373,2
71,42,411,373,2
127,74,415,309,2
10,3,511,380,2
89,95,314,384,2
1,5,511,384,2
45,40,475,384,2
121,58,410,343,2
129,124,336,290,2
1,3,512,382,2
159,89,278,213,2
2,73,450,384,2
33,1,512,344,2
1,1,512,142,2
28,1,418,346,2
22,66,438,384,2
12,101,464,380,2
78,6,437,333,2
96,58,411,334,2
4,1,303,384,2
309,149,483,384,2
2,1,457,384,2
9,58,403,343,2
68,43,374,313,2
4,17,381,379,2
163,68,393,257,2
5,280,252,384,2
35,104,479,347,2
95,158,333,342,2
107,37,373,346,2
53,45,392,201,2
47,187,366,351,2
1,1,482,382,2
5,1,374,384,2
15,1,466,384,2
55,13,480,327,2
55,80,342,297,2
1,3,469,295,2
27,14,467,372,2
83,48,326,344,2
65,72,436,339,2
53,75,444,331,2
56,5,505,356,2
44,4,466,383,2
148,56,345,237,2
72,104,427,384,2
39,1,405,200,2
58,208,475,376,2
12,56,427,384,2
64,20,269,384,2
281,170,512,383,2
242,1,512,163,2
12,56,421,384,2
58,82,386,315,2
56,33,459,356,2
74,2,450,371,2
151,112,388,280,2
11,3,451,357,2
4,3,512,383,2
52,1,415,384,2
19,2,407,315,2
7,3,498,384,2
12,67,478,334,2
32,14,491,379,2
60,2,431,369,2
34,74,381,313,2
52,1,456,374,2
119,101,405,293,2
69,41,401,336,2
86,57,357,331,2
1,1,421,365,2
119,72,388,343,2
144,1,361,375,2
5,19,506,358,2
1,2,505,352,2
88,9,455,384,2
30,113,429,312,2
2,22,512,383,2
4,7,346,370,2
28,37,478,358,2
28,27,512,379,2
77,10,385,384,2
177,24,330,346,2
1,1,512,341,2
89,72,396,384,2
1,3,493,352,2
66,22,459,372,2
5,126,512,382,2
17,63,461,376,2
55,79,392,314,2
36,103,435,324,2
45,136,360,244,2
12,2,470,384,2
1,3,494,357,2
42,56,469,324,2
74,8,387,316,2
44,105,377,291,2
75,21,465,363,2
138,18,431,373,2
20,85,440,335,2
30,5,512,379,2
69,103,394,270,2
59,3,450,384,2
7,77,408,384,2
2,1,453,380,2
28,2,477,384,2
28,1,466,384,2
3,3,436,342,2
139,95,392,282,2
20,38,463,384,2
2,1,512,365,2
1,5,483,384,2
2,1,512,382,2
80,24,430,373,2
2,19,469,384,2
158,103,308,271,2
46,62,450,335,2
1,2,452,365,2
73,22,423,346,2
134,45,512,383,2
54,95,491,384,2
52,79,507,384,2
1,2,287,384,2
43,87,440,281,2
68,52,372,291,2
12,4,512,379,2
82,67,396,327,2
8,156,509,384,2
108,3,392,346,2
107,3,428,384,2
87,5,509,329,2
63,37,409,333,2
7,47,457,384,2
89,37,462,297,2
190,120,339,273,2
1,3,512,371,2
9,3,496,384,2
46,74,432,357,2
6,8,512,379,2
30,31,383,384,2
1,1,512,380,2
86,1,495,384,2
7,112,441,384,2
3,1,465,384,2
39,140,511,384,2
95,73,504,381,2
12,9,512,382,2
121,56,420,358,2
3,24,474,384,2
28,128,430,341,2
1,1,370,384,2
33,3,512,375,2
100,30,429,322,2
2,1,492,367,2
179,33,383,354,2
2,1,447,384,2
81,82,407,282,2
28,174,512,383,2
36,14,473,349,2
56,12,434,333,2
6,8,512,375,2
93,42,384,336,2
94,46,479,338,2
5,3,512,372,2
31,2,446,332,2
148,1,512,384,2
143,24,353,302,2
80,16,444,384,2
3,2,407,384,2
16,34,499,326,2
19,20,170,162,2
193,47,408,259,2
77,232,349,362,2
112,76,383,344,2
28,7,512,358,2
9,95,460,384,2
62,115,425,290,2
4,71,467,384,2
15,2,505,365,2
84,63,306,332,2
99,122,329,307,2
21,3,478,384,2
29,73,442,342,2
59,71,394,267,2
17,18,471,384,2
27,14,512,383,2
57,59,512,383,2
5,5,491,384,2
2,2,512,383,2
2,179,481,269,2
46,2,451,334,2
6,62,453,297,2
180,98,355,295,2
128,1,512,366,2
155,90,306,290,2
79,137,464,373,2
146,3,356,133,2
45,102,470,311,2
41,110,402,384,2
38,3,512,381,2
28,2,508,384,2
3,3,455,384,2
19,3,472,357,2
55,68,393,303,2
15,48,452,365,2
13,16,464,384,2
47,50,487,384,2
88,3,360,353,2
68,1,512,374,2
70,13,457,362,2
2,38,440,384,2
55,60,470,360,2
1,4,500,384,2
23,97,345,352,2
137,5,501,109,2
67,61,443,373,2
3,27,430,384,2
46,3,483,384,2
119,223,464,382,2
7,1,474,373,2
4,3,446,384,2
2,2,512,215,2
1,1,508,382,2
1,1,395,384,2
3,1,512,380,2
7,80,508,350,2
13,7,512,381,2
44,53,495,384,2
19,1,485,384,2
34,1,462,384,2
80,69,330,322,2
2,2,415,332,2
111,76,358,274,2
10,9,486,384,2
3,1,512,320,2
83,114,363,291,2
36,14,401,384,2
2,1,377,348,2
70,11,437,332,2
4,82,449,367,2
62,127,469,318,2
80,30,441,357,2
187,86,351,273,2
10,6,447,376,2
7,145,469,384,2
3,3,505,384,2
122,29,358,369,2
5,43,509,348,2
6,1,434,373,2
3,2,485,301,2
55,7,478,384,2
9,10,512,380,2
30,59,458,306,2
105,35,389,339,2
51,1,512,379,2
55,2,430,384,2
31,21,363,348,2
362,4,496,352,2
68,70,439,384,2
9,126,391,384,2
1,3,511,383,2
47,8,423,346,2
41,7,420,382,2
101,65,370,384,2
70,11,426,380,2
15,95,496,384,2
28,135,441,344,2
59,71,434,319,2
9,53,492,367,2
2,1,511,384,2
88,8,466,359,2
36,19,479,316,2
41,27,488,384,2
1,1,512,382,2
86,138,371,303,2
322,52,421,147,2
2,31,466,367,2
1,1,492,384,2
10,82,512,380,2
38,4,469,384,2
11,3,505,384,2
3,6,302,384,2
8,6,512,383,2
39,6,512,381,2
20,4,512,376,2
132,44,336,384,2
5,82,512,381,2
52,115,398,384,2
126,91,420,318,2
95,19,430,357,2
61,1,491,378,2
2,1,413,332,2
2,31,441,367,2
4,32,507,384,2
30,2,421,344,2
32,71,425,384,2
109,54,392,258,2
105,1,479,384,2
59,42,454,343,2
4,5,430,384,2
96,59,333,310,2
77,11,390,354,2
45,1,497,384,2
7,16,485,319,2
19,91,512,380,2
114,1,343,342,2
25,25,396,374,2
67,1,434,375,2
83,120,237,296,2
242,119,419,302,2
36,25,427,384,2
2,1,512,379,2
46,9,512,373,2
7,1,492,384,2
5,3,512,382,2
93,18,404,374,2
2,3,512,336,2
36,5,509,248,2
7,32,471,372,2
70,21,487,382,2
10,3,512,382,2
29,82,509,314,2
101,81,352,304,2
84,120,324,274,2
26,5,440,384,2
45,38,448,346,2
20,1,359,380,2
77,39,404,384,2
70,1,455,384,2
105,94,422,323,2
1,1,507,379,2
173,56,351,368,2
36,27,427,352,2
26,26,501,300,2
240,4,512,382,2
7,10,241,326,2
89,4,494,384,2
4,178,507,384,2
22,107,273,384,2
32,8,511,207,2
275,215,512,334,2
56,87,488,308,2
43,9,398,357,2
22,12,487,384,2
4,7,474,339,2
92,1,487,344,2
58,9,391,364,2
67,88,362,293,2
26,34,447,327,2
73,15,459,384,2
104,71,364,256,2
84,21,338,338,2
58,69,420,258,2
49,6,461,384,2
106,108,351,318,2
32,42,379,384,2
24,45,399,384,2
60,2,455,372,2
21,1,420,384,2
2,2,456,355,2
43,10,496,384,2
2,1,512,381,2
96,74,415,287,2
7,1,399,361,2
42,58,472,332,2
2,3,448,384,2
54,8,458,362,2
38,2,392,366,2
68,87,356,310,2
4,8,497,384,2
128,27,356,358,2
35,13,430,384,2
70,121,453,313,2
2,6,486,384,2
2,5,512,317,2
37,11,481,384,2
51,110,454,356,2
3,3,432,384,2
93,70,307,291,2
36,22,476,370,2
8,26,427,347,2
104,95,376,276,2
42,80,458,340,2
58,61,466,357,2
163,65,323,354,2
4,5,370,341,2
157,99,398,291,2
2,6,502,371,2
102,80,416,333,2
56,33,410,371,2
27,57,511,384,2
43,42,451,348,2
1,4,512,380,2
4,5,512,383,2
2,3,466,384,2
60,88,453,275,2
31,33,487,313,2
44,6,501,384,2
194,103,507,369,2
5,6,191,358,2
117,65,438,318,2
10,25,470,384,2
10,15,478,283,2
118,114,368,287,2
2,6,511,378,2
53,5,453,369,2
1,169,512,377,2
12,11,432,376,2
96,91,303,300,2
65,1,443,324,2
65,81,454,363,2
6,131,490,269,2
1,2,485,384,2
137,44,381,309,2
83,63,440,370,2
5,3,498,380,2
80,16,383,372,2
53,50,377,310,2
51,1,497,356,2
2,1,512,369,2
3,40,492,324,2
114,35,324,357,2
126,47,384,333,2
49,7,426,358,2
38,6,424,367,2
81,5,443,365,2
34,77,421,358,2
119,63,353,312,2
83,117,316,278,2
118,9,512,382,2
44,5,478,374,2
77,6,512,377,2
162,8,291,384,2
11,12,488,344,2
55,1,469,381,2
37,35,439,346,2
9,80,512,381,2
25,2,487,271,2
1,3,462,347,2
85,41,478,384,2
86,59,512,379,2
88,23,363,344,2
135,123,328,281,2
51,15,445,363,2
2,7,486,384,2
9,6,455,351,2
92,105,358,299,2
24,3,440,384,2
16,84,487,342,2
84,10,373,382,2
27,53,449,343,2
3,1,320,384,2
59,7,483,374,2
4,1,509,384,2
2,4,509,384,2
6,3,512,382,2
5,79,449,384,2
36,95,512,377,2
18,11,452,367,2
23,87,457,350,2
2,2,426,352,2
33,64,419,383,2
9,5,503,384,2
4,8,506,384,2
40,79,451,325,2
13,11,415,337,2
53,12,449,376,2
21,66,412,383,2
39,153,512,381,2
78,61,436,312,2
37,3,372,384,2
128,124,371,294,2
13,2,479,384,2
105,91,435,309,0
165,120,316,258,3
189,54,396,384,3
27,1,418,324,3
160,90,351,273,3
93,3,500,372,3
194,60,406,384,3
182,43,438,384,3
1,111,499,302,3
129,62,399,319,3
83,1,453,276,3
10,133,453,325,3
164,131,337,232,3
1,82,421,315,3
4,2,419,384,3
1,86,412,357,3
3,1,506,350,3
1,1,263,384,3
2,1,511,382,3
50,36,512,318,3
7,58,426,384,3
19,6,512,379,3
3,8,504,384,3
173,55,334,292,3
2,12,433,369,3
23,54,362,379,3
201,6,357,328,3
12,15,427,384,3
3,34,485,347,3
3,12,512,369,3
207,7,415,330,3
235,87,481,271,3
40,202,505,367,3
56,184,360,344,3
130,76,437,284,3
81,100,397,323,3
105,100,325,302,3
4,17,349,384,3
1,1,507,344,3
58,103,498,296,3
154,90,343,269,3
115,104,305,320,3
30,16,511,383,3
107,97,346,254,3
4,146,465,381,3
52,4,446,304,3
62,1,442,311,3
82,3,471,351,3
98,5,338,371,3
22,4,465,366,3
1,2,487,384,3
43,147,497,300,3
4,3,512,179,3
75,40,410,347,3
32,102,402,384,3
144,2,512,370,3
56,64,454,329,3
153,141,379,259,3
44,112,489,298,3
3,86,512,291,3
186,95,292,277,3
184,139,294,223,3
3,2,432,379,3
83,5,511,380,3
161,75,503,384,3
11,3,457,273,3
5,34,511,384,3
2,2,391,343,3
5,4,459,381,3
12,1,472,337,3
1,3,512,196,3
25,51,389,330,3
25,86,485,384,3
14,130,505,332,3
2,1,399,302,3
139,19,330,339,3
32,1,439,372,3
12,121,486,288,3
119,92,376,353,3
103,109,247,305,3
78,32,430,345,3
51,83,345,290,3
98,48,385,335,3
107,65,390,259,3
21,12,508,327,3
150,142,257,286,3
107,151,255,248,3
107,149,271,235,3
141,129,216,185,3
158,200,276,284,3
264,87,468,327,3
41,4,261,293,3
170,101,289,262,3
149,122,287,254,3
174,154,292,283,3
86,127,298,300,3
139,52,386,316,3
172,21,273,304,3
6,5,510,377,3
14,90,318,269,3
53,93,365,297,3
40,97,476,298,3
166,96,330,245,3
6,47,505,380,3
184,110,512,346,3
81,1,486,365,3
40,50,460,301,3
24,1,512,347,3
173,107,512,380,3
4,4,356,329,3
19,53,479,291,3
12,1,480,375,3
150,14,387,369,3
36,142,157,224,3
1,59,213,371,3
174,108,478,270,3
84,27,387,348,3
197,89,389,382,3
101,4,466,362,3
64,96,463,270,3
55,11,403,359,3
3,5,510,369,3
6,50,380,351,3
56,111,465,384,3
3,11,462,343,3
95,118,512,340,3
119,48,421,383,3
77,105,512,312,3
1,2,412,384,3
44,4,458,305,3
81,2,486,372,3
108,35,364,305,3
38,67,499,368,3
143,151,473,384,3
32,7,512,381,3
257,144,512,347,3
32,4,512,328,3
83,27,431,384,3
170,59,412,288,3
108,79,502,330,3
182,50,511,382,3
207,197,458,383,3
104,2,511,384,3
30,26,476,318,3
4,82,512,383,3
19,57,452,354,3
61,10,493,308,3
129,9,409,321,3
162,56,366,255,3
178,97,351,257,3
37,115,400,283,3
1,8,507,311,3
133,98,512,359,3
148,158,383,384,3
84,100,440,294,3
46,1,509,357,3
111,68,428,274,3
56,94,464,332,3
4,30,512,383,3
69,1,395,257,3
212,7,511,193,3
37,48,441,292,3
4,98,473,305,3
60,111,457,383,3
4,61,512,382,3
19,77,483,364,3
101,37,414,339,3
4,11,505,325,3
115,107,484,384,3
25,27,408,353,3
98,41,358,296,3
8,7,512,377,3
2,1,422,312,3
1,65,485,222,3
83,121,465,382,3
49,2,404,303,3
15,137,510,383,3
141,40,440,382,3
191,135,344,273,3
15,100,512,294,3
133,33,512,380,3
149,51,416,298,3
191,108,309,231,3
207,47,512,303,3
60,8,406,324,3
153,100,459,384,3
110,5,478,384,3
98,130,510,384,3
146,2,341,248,3
72,80,378,247,3
33,1,512,295,3
7,93,512,383,3
102,100,436,319,3
50,28,462,297,3
146,47,395,302,3
90,102,493,384,3
14,107,512,319,3
73,4,485,356,3
179,44,358,382,3
112,78,412,296,3
156,76,350,382,3
151,2,392,283,3
178,97,398,382,3
4,4,496,332,3
130,3,512,383,3
35,81,496,327,3
9,128,512,380,3
7,1,488,365,3
70,2,435,325,3
27,9,507,384,3
94,51,500,384,3
93,46,419,384,3
58,97,452,240,3
169,32,425,382,3
144,3,357,378,3
179,18,512,380,3
211,145,454,384,3
5,73,461,303,3
76,54,467,279,3
145,5,450,347,3
202,103,387,274,3
150,77,359,384,3
13,122,511,297,3
3,48,371,363,3
29,72,445,223,3
97,78,382,383,3
105,73,386,280,3
47,1,423,288,3
23,102,471,283,3
148,123,486,384,3
55,125,512,341,3
218,176,391,384,3
1,38,147,384,3
53,1,483,305,3
114,1,410,331,3
122,16,393,289,3
133,57,401,384,3
259,125,511,384,3
175,40,399,287,3
2,1,510,332,3
36,130,397,383,3
118,1,512,383,3
96,72,429,282,3
54,14,385,367,3
118,77,403,268,3
91,126,448,384,3
135,36,423,315,3
61,1,390,332,3
43,30,445,315,3
109,6,425,361,3
1,1,507,377,3
72,112,479,382,3
66,1,451,326,3
148,49,414,310,3
159,38,479,384,3
136,58,348,384,3
55,59,439,311,3
193,156,404,380,3
90,37,443,364,3
86,3,455,339,3
94,72,372,352,3
53,9,439,382,3
125,119,467,254,3
138,42,457,384,3
96,2,448,347,3
40,52,463,225,3
143,66,490,384,3
142,72,350,252,3
68,2,460,296,3
90,71,217,272,3
96,39,486,384,3
227,1,370,251,3
43,96,489,341,3
137,1,512,287,3
176,64,466,384,3
23,160,512,379,3
2,38,512,382,3
121,75,467,384,3
28,116,450,268,3
130,1,512,383,3
137,71,355,289,3
226,20,512,361,3
194,98,408,296,3
210,43,421,383,3
61,104,479,309,3
5,1,385,384,3
127,109,418,218,3
124,38,511,384,3
88,66,512,370,3
151,9,380,332,3
135,129,451,384,3
24,158,476,301,3
64,133,424,257,3
35,54,479,358,3
97,98,410,249,3
137,121,374,305,3
189,1,500,237,3
114,122,257,271,3
3,12,512,379,3
114,46,471,384,3
48,26,476,384,3
177,1,441,333,3
10,1,499,384,3
103,1,511,380,3
14,52,512,349,3
52,116,462,277,3
117,5,465,383,3
205,1,512,272,3
139,37,460,294,3
68,103,446,234,3
75,135,434,359,3
43,71,474,384,3
110,26,389,286,3
244,17,417,378,3
74,93,457,253,3
130,77,512,382,3
70,98,390,302,3
66,102,450,269,3
17,55,489,254,3
107,121,459,268,3
133,6,423,347,3
148,62,378,291,3
120,106,431,249,3
3,4,494,384,3
7,23,490,384,3
243,93,512,383,3
5,83,512,382,3
1,5,425,384,3
169,35,509,380,3
72,49,379,301,3
37,145,433,299,3
158,3,346,281,3
48,55,497,243,3
10,44,500,384,3
99,112,391,278,3
104,64,377,334,3
162,79,390,286,3
86,58,378,304,3
4,1,428,318,3
63,100,459,384,3
94,138,422,263,3
4,127,434,381,3
96,16,383,384,3
71,40,321,384,3
1,1,511,382,3
159,142,361,384,3
124,5,452,381,3
8,6,511,382,3
92,108,472,299,3
115,52,380,313,3
186,33,511,383,3
199,116,512,345,3
88,95,425,258,3
158,1,418,252,3
51,107,369,384,3
181,154,434,384,3
7,108,458,384,3
59,4,486,336,3
54,102,430,384,3
171,3,417,325,3
107,15,512,342,3
300,80,503,383,3
74,121,430,288,3
24,123,512,378,3
65,2,466,315,3
31,29,512,382,3
97,55,456,322,3
154,90,399,329,3
135,103,356,324,3
60,78,414,304,3
20,15,511,331,3
240,113,400,283,3
156,43,511,379,3
134,120,452,286,3
153,126,465,384,3
107,99,419,291,3
53,7,376,282,3
121,2,417,348,3
239,20,504,291,3
33,92,503,384,3
141,50,512,371,3
197,78,386,384,3
148,16,429,355,3
134,67,492,384,3
82,56,356,308,3
1,1,501,236,3
103,1,472,363,3
182,61,511,382,3
153,140,439,381,3
95,1,403,314,3
109,106,446,228,3
103,131,406,298,3
157,90,385,331,3
154,144,438,384,3
46,139,449,311,3
126,93,399,306,3
189,161,396,268,3
97,122,338,320,3
98,97,344,266,3
86,25,465,360,3
31,99,413,378,3
201,10,486,367,3
125,131,351,269,3
95,66,351,371,3
110,123,509,384,3
50,83,289,384,3
68,85,372,354,3
96,165,435,278,3
174,142,396,384,3
105,18,444,384,3
143,3,433,284,3
136,140,357,360,3
169,18,365,218,3
33,116,484,254,3
2,84,313,353,3
108,128,389,229,3
74,48,338,320,3
80,18,361,376,3
25,76,475,379,3
231,32,427,382,3
95,306,491,384,3
94,87,257,384,3
189,80,320,311,3
88,83,423,290,3
153,33,394,345,3
178,58,369,317,3
235,6,512,370,3
200,155,407,383,3
215,181,354,249,3
211,158,315,288,3
23,91,470,280,3
168,46,304,294,3
60,9,444,347,3
44,96,325,384,3
147,81,362,308,3
68,34,481,384,3
1,2,510,384,3
1,1,374,384,3
115,18,415,339,3
169,65,484,384,3
194,67,479,384,3
44,1,462,307,3
98,39,329,335,3
46,151,437,311,3
141,52,449,347,3
125,22,394,384,3
124,79,408,365,3
71,47,412,288,3
101,144,329,384,3
26,1,509,314,3
46,57,472,384,3
126,3,512,282,3
16,41,440,273,3
37,98,324,284,3
1,153,440,380,3
36,41,465,297,3
143,25,397,291,3
180,48,345,382,3
102,1,470,384,3
141,8,436,297,3
174,101,393,314,3
134,27,451,321,3
3,80,510,384,3
3,4,446,382,3
130,51,429,328,3
61,76,480,319,3
4,4,393,384,3
55,2,510,384,3
175,4,512,295,3
156,7,512,380,3
215,38,490,306,3
1,102,512,377,3
2,2,512,316,3
115,8,474,384,3
73,52,512,376,3
177,146,325,238,3
153,54,416,308,3
206,35,397,384,3
10,58,506,384,3
138,70,403,384,3
66,116,457,286,3
3,94,512,313,3
116,82,457,279,3
66,56,353,316,3
132,62,375,293,3
60,48,307,283,3